0 0.16826923076923078 0.265625 0.09615384615384616 0.109375
0 0.5841346153846154 0.30649038461538464 0.10336538461538461 0.1346153846153846
0 0.29447115384615385 0.36177884615384615 0.24158653846153846 0.16826923076923078
0 0.7716346153846154 0.4026442307692308 0.125 0.125
0 0.5564903846153846 0.45552884615384615 0.16706730769230768 0.15384615384615385
0 0.12259615384615384 0.49278846153846156 0.08052884615384616 0.08413461538461539
0 0.8269230769230769 0.5204326923076923 0.1201923076923077 0.13581730769230768
1 0.36899038461538464 0.5504807692307693 0.21875 0.1935096153846154
1 0.6911057692307693 0.6298076923076923 0.21514423076923078 0.1875
1 0.16826923076923078 0.6634615384615384 0.21033653846153846 0.23557692307692307
1 0.8185096153846154 0.7680288461538461 0.2704326923076923 0.25240384615384615
1 0.5024038461538461 0.7740384615384616 0.31971153846153844 0.26802884615384615