0 0.39062500000000006 0.290625 0.18906250000000005 0.290625 0.18906250000000005 0.5046875 0.3906250000000001 0.5046875
0 0.6109375 0.409375 0.3625000000000001 0.409375 0.3625000000000001 0.628125 0.6109375 0.628125
0 0.69375 0.2000000000000001 0.4375 0.2000000000000001 0.4375 0.409375 0.69375 0.409375
0 0.7671875 0.5296875000000001 0.6140625 0.5296875 0.6140625 0.6703125000000001 0.7671875 0.6703125000000002
0 0.9078125 0.4703125000000002 0.79375 0.4703125000000002 0.79375 0.6453125000000002 0.9078125 0.6453125000000002
0 0.859375 0.2906250000000001 0.7046875 0.2906250000000001 0.7046875 0.48906250000000007 0.859375 0.4890625000000002
0 0.2828125000000001 0.425 0.07968750000000005 0.425 0.07968750000000006 0.6546875 0.2828125000000001 0.6546875
0 0.31718750000000007 0.18593750000000003 0.14531250000000004 0.1859375 0.14531250000000004 0.3671875 0.31718750000000007 0.3671875
0 0.6953125 0.010937500000000076 0.534375 0.010937500000000067 0.534375 0.18750000000000006 0.6953125 0.18750000000000008
0 0.503125 0.04843750000000006 0.365625 0.04843750000000004 0.365625 0.2468750000000001 0.503125 0.2468750000000001
0 0.81875 0.10937500000000008 0.7109375 0.10937500000000008 0.7109375 0.2656250000000001 0.81875 0.2656250000000001