0 0.5588942307692307 0.2980769230769231 0.2247596153846154 0.24759615384615385
0 0.28846153846153844 0.3894230769230769 0.1875 0.19230769230769232
0 0.7632211538461539 0.41225961538461536 0.21514423076923078 0.203125
0 0.15745192307692307 0.5048076923076923 0.15384615384615385 0.19471153846153846
1 0.4891826923076923 0.5300480769230769 0.24158653846153846 0.21754807692307693
0 0.8521634615384616 0.5757211538461539 0.14423076923076922 0.15144230769230768
1 0.6995192307692307 0.6129807692307693 0.16105769230769232 0.16826923076923078
0 0.6201923076923077 0.0985576923076923 0.15865384615384615 0.15144230769230768
0 0.38221153846153844 0.1778846153846154 0.16826923076923078 0.18629807692307693
0 0.7584134615384616 0.18028846153846154 0.10697115384615384 0.11057692307692307
0 0.21394230769230768 0.23798076923076922 0.1346153846153846 0.1045673076923077